133  94.5  94.5
133  94.5  98
133  98  87.5
133  98  91
133  98  94.5
133  98  98
133  101.5  80.5
133  101.5  84
133  101.5  87.5
133  101.5  91
133  101.5  94.5
133  105  80.5
133  105  84
133  105  87.5
133  105  91
133  108.5  80.5
133  108.5  84
133  108.5  87.5
133  112  80.5
133  112  84
129.5  94.5  87.5
129.5  94.5  91
129.5  94.5  94.5
129.5  94.5  98
129.5  94.5  101.5
129.5  94.5  105
129.5  98  84
129.5  98  87.5
129.5  98  91
129.5  98  94.5
129.5  98  98
129.5  98  101.5
129.5  98  105
129.5  101.5  80.5
129.5  101.5  84
129.5  101.5  87.5
129.5  101.5  91
129.5  101.5  94.5
129.5  101.5  98
129.5  101.5  101.5
129.5  101.5  105
129.5  101.5  108.5
129.5  105  80.5
129.5  105  84
129.5  105  87.5
129.5  105  91
129.5  105  94.5
129.5  105  98
129.5  105  101.5
129.5  105  105
129.5  105  108.5
129.5  108.5  80.5
129.5  108.5  84
129.5  108.5  87.5
129.5  108.5  91
129.5  108.5  94.5
129.5  108.5  98
129.5  108.5  101.5
129.5  108.5  105
129.5  108.5  108.5
129.5  112  80.5
129.5  112  84
129.5  112  87.5
129.5  112  91
126  94.5  87.5
126  94.5  91
126  94.5  94.5
126  94.5  98
126  94.5  101.5
126  94.5  105
126  98  84
126  98  87.5
126  98  91
126  98  94.5
126  98  98
126  98  101.5
126  98  105
126  98  108.5
126  98  112
126  101.5  84
126  101.5  87.5
126  101.5  91
126  101.5  94.5
126  101.5  98
126  101.5  101.5
126  101.5  105
126  101.5  108.5
126  101.5  112
126  105  84
126  105  87.5
126  105  91
126  105  94.5
126  105  98
126  105  101.5
126  105  105
126  105  108.5
126  105  112
126  105  115.5
126  108.5  80.5
126  108.5  84
126  108.5  87.5
126  108.5  91
126  108.5  94.5
126  108.5  98
126  108.5  101.5
126  108.5  105
126  108.5  108.5
126  108.5  112
126  108.5  115.5
126  112  80.5
126  112  84
126  112  87.5
126  112  91
126  112  94.5
126  112  98
126  112  101.5
126  112  105
126  112  108.5
126  112  112
126  112  115.5
126  115.5  94.5
126  115.5  98
126  115.5  101.5
126  115.5  105
126  115.5  108.5
126  115.5  112
126  115.5  115.5
126  119  101.5
126  119  105
126  119  108.5
126  119  112
122.5  91  94.5
122.5  91  98
122.5  94.5  87.5
122.5  94.5  91
122.5  94.5  94.5
122.5  94.5  98
122.5  94.5  101.5
122.5  94.5  105
122.5  94.5  108.5
122.5  98  84
122.5  98  87.5
122.5  98  91
122.5  98  94.5
122.5  98  98
122.5  98  101.5
122.5  98  105
122.5  98  108.5
122.5  98  112
122.5  101.5  84
122.5  101.5  87.5
122.5  101.5  91
122.5  101.5  94.5
122.5  101.5  98
122.5  101.5  101.5
122.5  101.5  105
122.5  101.5  108.5
122.5  101.5  112
122.5  105  84
122.5  105  87.5
122.5  105  91
122.5  105  94.5
122.5  105  98
122.5  105  101.5
122.5  105  105
122.5  105  108.5
122.5  105  112
122.5  105  115.5
122.5  108.5  80.5
122.5  108.5  84
122.5  108.5  87.5
122.5  108.5  91
122.5  108.5  94.5
122.5  108.5  98
122.5  108.5  101.5
122.5  108.5  105
122.5  108.5  108.5
122.5  108.5  112
122.5  108.5  115.5
122.5  112  80.5
122.5  112  84
122.5  112  87.5
122.5  112  91
122.5  112  94.5
122.5  112  98
122.5  112  101.5
122.5  112  105
122.5  112  108.5
122.5  112  112
122.5  112  115.5
122.5  112  119
122.5  115.5  87.5
122.5  115.5  91
122.5  115.5  94.5
122.5  115.5  98
122.5  115.5  101.5
122.5  115.5  105
122.5  115.5  108.5
122.5  115.5  112
122.5  115.5  115.5
122.5  115.5  119
122.5  119  91
122.5  119  94.5
122.5  119  98
122.5  119  101.5
122.5  119  105
122.5  119  108.5
122.5  119  112
122.5  119  115.5
122.5  122.5  98
122.5  122.5  101.5
122.5  122.5  105
122.5  122.5  108.5
122.5  122.5  112
122.5  126  101.5
122.5  126  105
122.5  126  108.5
119  91  94.5
119  91  98
119  94.5  87.5
119  94.5  91
119  94.5  94.5
119  94.5  98
119  94.5  101.5
119  94.5  105
119  94.5  108.5
119  98  87.5
119  98  91
119  98  94.5
119  98  98
119  98  101.5
119  98  105
119  98  108.5
119  98  112
119  101.5  80.5
119  101.5  84
119  101.5  87.5
119  101.5  91
119  101.5  94.5
119  101.5  98
119  101.5  101.5
119  101.5  105
119  101.5  108.5
119  101.5  112
119  105  80.5
119  105  84
119  105  87.5
119  105  91
119  105  94.5
119  105  98
119  105  101.5
119  105  105
119  105  108.5
119  105  112
119  105  115.5
119  108.5  80.5
119  108.5  84
119  108.5  87.5
119  108.5  91
119  108.5  94.5
119  108.5  98
119  108.5  101.5
119  108.5  105
119  108.5  108.5
119  108.5  112
119  108.5  115.5
119  108.5  119
119  112  80.5
119  112  84
119  112  87.5
119  112  91
119  112  94.5
119  112  98
119  112  101.5
119  112  105
119  112  108.5
119  112  112
119  112  115.5
119  112  119
119  115.5  87.5
119  115.5  91
119  115.5  94.5
119  115.5  98
119  115.5  101.5
119  115.5  105
119  115.5  108.5
119  115.5  112
119  115.5  115.5
119  115.5  119
119  119  87.5
119  119  91
119  119  94.5
119  119  98
119  119  101.5
119  119  105
119  119  108.5
119  119  112
119  119  115.5
119  119  119
119  122.5  91
119  122.5  94.5
119  122.5  98
119  122.5  101.5
119  122.5  105
119  122.5  108.5
119  122.5  112
119  122.5  115.5
119  122.5  119
119  126  94.5
119  126  98
119  126  101.5
119  126  105
119  126  108.5
119  126  112
119  126  115.5
119  129.5  98
119  129.5  101.5
119  129.5  105
115.5  91  94.5
115.5  94.5  91
115.5  94.5  94.5
115.5  94.5  98
115.5  94.5  101.5
115.5  94.5  105
115.5  98  87.5
115.5  98  91
115.5  98  94.5
115.5  98  98
115.5  98  101.5
115.5  98  105
115.5  98  108.5
115.5  98  112
115.5  101.5  80.5
115.5  101.5  84
115.5  101.5  87.5
115.5  101.5  91
115.5  101.5  94.5
115.5  101.5  98
115.5  101.5  101.5
115.5  101.5  105
115.5  101.5  108.5
115.5  101.5  112
115.5  105  80.5
115.5  105  84
115.5  105  87.5
115.5  105  91
115.5  105  94.5
115.5  105  98
115.5  105  101.5
115.5  105  105
115.5  105  108.5
115.5  105  112
115.5  105  115.5
115.5  108.5  80.5
115.5  108.5  84
115.5  108.5  87.5
115.5  108.5  91
115.5  108.5  94.5
115.5  108.5  98
115.5  108.5  101.5
115.5  108.5  105
115.5  108.5  108.5
115.5  108.5  112
115.5  108.5  115.5
115.5  112  80.5
115.5  112  84
115.5  112  87.5
115.5  112  91
115.5  112  94.5
115.5  112  98
115.5  112  101.5
115.5  112  105
115.5  112  108.5
115.5  112  112
115.5  112  115.5
115.5  112  119
115.5  115.5  84
115.5  115.5  87.5
115.5  115.5  91
115.5  115.5  94.5
115.5  115.5  98
115.5  115.5  101.5
115.5  115.5  105
115.5  115.5  108.5
115.5  115.5  112
115.5  115.5  115.5
115.5  115.5  119
115.5  119  87.5
115.5  119  91
115.5  119  94.5
115.5  119  98
115.5  119  101.5
115.5  119  105
115.5  119  108.5
115.5  119  112
115.5  119  115.5
115.5  119  119
115.5  122.5  87.5
115.5  122.5  91
115.5  122.5  94.5
115.5  122.5  98
115.5  122.5  101.5
115.5  122.5  105
115.5  122.5  108.5
115.5  122.5  112
115.5  122.5  115.5
115.5  122.5  119
115.5  126  91
115.5  126  94.5
115.5  126  98
115.5  126  101.5
115.5  126  105
115.5  126  108.5
115.5  126  112
115.5  126  115.5
115.5  129.5  98
115.5  129.5  101.5
115.5  129.5  105
115.5  129.5  108.5
115.5  129.5  112
115.5  133  101.5
115.5  133  105
112  94.5  94.5
112  94.5  98
112  94.5  101.5
112  94.5  105
112  98  91
112  98  94.5
112  98  98
112  98  101.5
112  98  105
112  98  108.5
112  101.5  84
112  101.5  87.5
112  101.5  91
112  101.5  94.5
112  101.5  98
112  101.5  101.5
112  101.5  105
112  101.5  108.5
112  101.5  112
112  105  84
112  105  87.5
112  105  91
112  105  94.5
112  105  98
112  105  101.5
112  105  105
112  105  108.5
112  105  112
112  108.5  84
112  108.5  87.5
112  108.5  91
112  108.5  94.5
112  108.5  98
112  108.5  101.5
112  108.5  105
112  108.5  108.5
112  108.5  112
112  108.5  115.5
112  112  84
112  112  87.5
112  112  91
112  112  94.5
112  112  98
112  112  101.5
112  112  105
112  112  108.5
112  112  112
112  112  115.5
112  112  119
112  115.5  84
112  115.5  87.5
112  115.5  91
112  115.5  94.5
112  115.5  98
112  115.5  101.5
112  115.5  105
112  115.5  108.5
112  115.5  112
112  115.5  115.5
112  115.5  119
112  119  87.5
112  119  91
112  119  94.5
112  119  98
112  119  101.5
112  119  105
112  119  108.5
112  119  112
112  119  115.5
112  119  119
112  122.5  87.5
112  122.5  91
112  122.5  94.5
112  122.5  98
112  122.5  101.5
112  122.5  105
112  122.5  108.5
112  122.5  112
112  122.5  115.5
112  122.5  119
112  126  87.5
112  126  91
112  126  94.5
112  126  98
112  126  101.5
112  126  105
112  126  108.5
112  126  112
112  126  115.5
112  129.5  91
112  129.5  94.5
112  129.5  98
112  129.5  101.5
112  129.5  105
112  129.5  108.5
112  129.5  112
112  129.5  115.5
112  133  94.5
112  133  98
112  133  101.5
112  133  105
112  133  108.5
112  133  112
108.5  94.5  98
108.5  98  94.5
108.5  98  98
108.5  98  101.5
108.5  98  105
108.5  101.5  91
108.5  101.5  94.5
108.5  101.5  98
108.5  101.5  101.5
108.5  101.5  105
108.5  101.5  108.5
108.5  105  91
108.5  105  94.5
108.5  105  98
108.5  105  101.5
108.5  105  105
108.5  105  108.5
108.5  105  112
108.5  108.5  87.5
108.5  108.5  91
108.5  108.5  94.5
108.5  108.5  98
108.5  108.5  101.5
108.5  108.5  105
108.5  108.5  108.5
108.5  108.5  112
108.5  108.5  115.5
108.5  112  87.5
108.5  112  91
108.5  112  94.5
108.5  112  98
108.5  112  101.5
108.5  112  105
108.5  112  108.5
108.5  112  112
108.5  112  115.5
108.5  115.5  87.5
108.5  115.5  91
108.5  115.5  94.5
108.5  115.5  98
108.5  115.5  101.5
108.5  115.5  105
108.5  115.5  108.5
108.5  115.5  112
108.5  115.5  115.5
108.5  115.5  119
108.5  119  87.5
108.5  119  91
108.5  119  94.5
108.5  119  98
108.5  119  101.5
108.5  119  105
108.5  119  108.5
108.5  119  112
108.5  119  115.5
108.5  119  119
108.5  122.5  87.5
108.5  122.5  91
108.5  122.5  94.5
108.5  122.5  98
108.5  122.5  101.5
108.5  122.5  105
108.5  122.5  108.5
108.5  122.5  112
108.5  122.5  115.5
108.5  126  87.5
108.5  126  91
108.5  126  94.5
108.5  126  98
108.5  126  101.5
108.5  126  105
108.5  126  108.5
108.5  126  112
108.5  126  115.5
108.5  129.5  87.5
108.5  129.5  91
108.5  129.5  94.5
108.5  129.5  98
108.5  129.5  101.5
108.5  129.5  105
108.5  129.5  108.5
108.5  129.5  112
108.5  129.5  115.5
108.5  133  87.5
108.5  133  91
108.5  133  94.5
108.5  133  98
108.5  133  101.5
108.5  133  105
108.5  133  108.5
108.5  133  112
108.5  136.5  94.5
108.5  136.5  98
108.5  136.5  101.5
108.5  136.5  105
105  105  94.5
105  105  98
105  105  101.5
105  105  105
105  105  108.5
105  108.5  91
105  108.5  94.5
105  108.5  98
105  108.5  101.5
105  108.5  105
105  108.5  108.5
105  108.5  112
105  112  87.5
105  112  91
105  112  94.5
105  112  98
105  112  101.5
105  112  105
105  112  108.5
105  112  112
105  115.5  87.5
105  115.5  91
105  115.5  94.5
105  115.5  98
105  115.5  101.5
105  115.5  105
105  115.5  108.5
105  115.5  112
105  115.5  115.5
105  119  87.5
105  119  91
105  119  94.5
105  119  98
105  119  101.5
105  119  105
105  119  108.5
105  119  112
105  119  115.5
105  122.5  87.5
105  122.5  91
105  122.5  94.5
105  122.5  98
105  122.5  101.5
105  122.5  105
105  122.5  108.5
105  122.5  112
105  122.5  115.5
105  126  87.5
105  126  91
105  126  94.5
105  126  98
105  126  101.5
105  126  105
105  126  108.5
105  126  112
105  126  115.5
105  129.5  87.5
105  129.5  91
105  129.5  94.5
105  129.5  98
105  129.5  101.5
105  129.5  105
105  129.5  108.5
105  129.5  112
105  129.5  115.5
105  133  87.5
105  133  91
105  133  94.5
105  133  98
105  133  101.5
105  133  105
105  133  108.5
105  133  112
105  136.5  94.5
105  136.5  98
105  136.5  101.5
105  136.5  105
105  136.5  108.5
105  140  101.5
101.5  108.5  91
101.5  108.5  94.5
101.5  108.5  98
101.5  108.5  101.5
101.5  108.5  105
101.5  108.5  108.5
101.5  112  87.5
101.5  112  91
101.5  112  94.5
101.5  112  98
101.5  112  101.5
101.5  112  105
101.5  112  108.5
101.5  112  112
101.5  115.5  87.5
101.5  115.5  91
101.5  115.5  94.5
101.5  115.5  98
101.5  115.5  101.5
101.5  115.5  105
101.5  115.5  108.5
101.5  115.5  112
101.5  119  87.5
101.5  119  91
101.5  119  94.5
101.5  119  98
101.5  119  101.5
101.5  119  105
101.5  119  108.5
101.5  119  112
101.5  122.5  87.5
101.5  122.5  91
101.5  122.5  94.5
101.5  122.5  98
101.5  122.5  101.5
101.5  122.5  105
101.5  122.5  108.5
101.5  122.5  112
101.5  126  87.5
101.5  126  91
101.5  126  94.5
101.5  126  98
101.5  126  101.5
101.5  126  105
101.5  126  108.5
101.5  126  112
101.5  129.5  87.5
101.5  129.5  91
101.5  129.5  94.5
101.5  129.5  98
101.5  129.5  101.5
101.5  129.5  105
101.5  129.5  108.5
101.5  129.5  112
101.5  133  87.5
101.5  133  91
101.5  133  94.5
101.5  133  98
101.5  133  101.5
101.5  133  105
101.5  133  108.5
101.5  133  112
101.5  136.5  94.5
101.5  136.5  98
101.5  136.5  101.5
101.5  136.5  105
101.5  136.5  108.5
101.5  140  101.5
98  112  101.5
98  112  105
98  115.5  94.5
98  115.5  98
98  115.5  101.5
98  115.5  105
98  115.5  108.5
98  119  94.5
98  119  98
98  119  101.5
98  119  105
98  119  108.5
98  122.5  94.5
98  122.5  98
98  122.5  101.5
98  122.5  105
98  122.5  108.5
98  126  91
98  126  94.5
98  126  98
98  126  101.5
98  126  105
98  126  108.5
98  129.5  94.5
98  129.5  98
98  129.5  101.5
98  129.5  105
98  129.5  108.5
98  133  94.5
98  133  98
98  133  101.5
98  133  105
98  133  108.5
